-1.754043711326712166e-07
5.599128796013708835e-08
7.789595187208481002e-07
1.996704123411888941e-06
2.462707250677829207e-06
2.196399851512335491e-07
-5.510017402880323878e-06
-1.225398457540820335e-05
-1.406770331308547542e-05
-4.663248383160506339e-06
1.682504177139531522e-05
4.105062684794894299e-05
4.961036161449086841e-05
2.483870058378438383e-05
-3.499659133103537513e-05
-1.047535171979001669e-04
-1.370856221395917219e-04
-8.725763704942102238e-05
5.124116934618268586e-05
2.226822491531837143e-04
3.205408865654780582e-04
2.419108922833619363e-04
-3.669113719026619844e-05
-4.086613643130801877e-04
-6.587457731123069976e-04
-5.697163019489182934e-04
-7.135140178211186849e-05
6.569746241867448818e-04
1.217852871364289704e-03
1.186458446466965005e-03
3.840290859863604257e-04
-9.233238657327243150e-04
-2.057340388208434966e-03
-2.241660580696976102e-03
-1.074604928710512410e-03
1.102510701268239563e-03
3.210901167249578282e-03
3.914058725733302220e-03
2.392363710416122412e-03
-1.003575031774159949e-03
-4.666655774883355853e-03
-6.412285751171891389e-03
-4.687167403820770989e-03
3.162977153907093968e-04
6.352955156378345576e-03
1.000422949329928674e-02
8.480375724937577048e-03
1.460080368303909824e-03
-8.136005030959080758e-03
-1.514013621297450804e-02
-1.469962270775447555e-02
-5.237469692815102836e-03
9.833109101343299671e-03
2.290254570220703195e-02
2.555613281022016056e-02
1.321714664885878000e-02
-1.124096215437001695e-02
-3.704493920240940763e-02
-4.905269639117329494e-02
-3.415411801417198717e-02
1.217348951029525311e-02
8.228406009770994345e-02
1.577808622544793205e-01
2.157677566924253720e-01
2.375001765937690967e-01
2.157677566924253720e-01
1.577808622544793205e-01
8.228406009770994345e-02
1.217348951029525311e-02
-3.415411801417198717e-02
-4.905269639117329494e-02
-3.704493920240940763e-02
-1.124096215437001695e-02
1.321714664885878000e-02
2.555613281022016056e-02
2.290254570220703195e-02
9.833109101343299671e-03
-5.237469692815102836e-03
-1.469962270775447555e-02
-1.514013621297450804e-02
-8.136005030959080758e-03
1.460080368303909824e-03
8.480375724937580517e-03
1.000422949329928153e-02
6.352955156378345576e-03
3.162977153907093968e-04
-4.687167403820770989e-03
-6.412285751171896593e-03
-4.666655774883358455e-03
-1.003575031774159515e-03
2.392363710416122412e-03
3.914058725733302220e-03
3.210901167249579150e-03
1.102510701268240214e-03
-1.074604928710511543e-03
-2.241660580696974801e-03
-2.057340388208434966e-03
-9.233238657327247486e-04
3.840290859863607510e-04
1.186458446466963487e-03
1.217852871364289271e-03
6.569746241867448818e-04
-7.135140178211186849e-05
-5.697163019489186186e-04
-6.587457731123062387e-04
-4.086613643130801877e-04
-3.669113719026619844e-05
2.419108922833619363e-04
3.205408865654780582e-04
2.226822491531843648e-04
5.124116934618261809e-05
-8.725763704942102238e-05
-1.370856221395917219e-04
-1.047535171979001669e-04
-3.499659133103549710e-05
2.483870058378436689e-05
4.961036161449086841e-05
4.105062684794894299e-05
1.682504177139531522e-05
-4.663248383160560550e-06
-1.406770331308569396e-05
-1.225398457540834226e-05
-5.510017402880323878e-06
2.196399851512335491e-07
2.462707250677829207e-06
1.996704123412033784e-06
7.789595187208211010e-07
5.599128796013708835e-08
-1.754043711326712166e-07
