1.535273329901080258e-02
-2.283931779206041859e-02
3.025660944375558464e-02
-3.618005978798035510e-02
4.688448046855929474e-02
-5.508122666896204250e-02
6.488942850597101408e-02
-7.551620685890016171e-02
8.291281577262138436e-02
-9.136575410882522008e-02
1.058984657965496456e+00
-8.888947415735690138e-02
8.373134408733647061e-02
-7.561233287724050678e-02
6.705269871707500440e-02
-5.585668548506285414e-02
4.611451253655184795e-02
-3.614529021899524214e-02
2.896696745082392652e-02
-2.067610688567259047e-02
1.569325295265086573e-02
